0
0.00439453125
0.01708984375
0.0302734375
0.04345703125
0.05322265625
0.06298828125
0.076171875
0.08935546875
0.09912109375
0.10888671875
0.11865234375
0.12841796875
0.13818359375
0.14794921875
0.15771484375
0.16748046875
0.17724609375
0.18701171875
0.19677734375
0.20654296875
0.21630859375
0.22607421875
0.23583984375
0.24560546875
0.25537109375
0.26513671875
0.27490234375
0.28466796875
0.29443359375
0.30419921875
0.31396484375
0.32373046875
0.3369140625
0.3466796875
0.3564453125
0.3662109375
0.3759765625
0.3857421875
0.3955078125
0.4052734375
0.4150390625
0.4248046875
0.4345703125
0.4443359375
0.4541015625
0.4638671875
0.4736328125
0.4833984375
0.4931640625
0.5029296875
0.5126953125
0.5224609375
0.5322265625
0.5419921875
0.5517578125
0.5615234375
0.5712890625
0.5810546875
0.5908203125
0.6005859375
0.61376953125
0.626953125
0.64013671875
0.6533203125
0.6630859375
0.6728515625
0.6826171875
0.6923828125
0.7021484375
0.7119140625
0.7216796875
0.7314453125
0.7412109375
0.7509765625
0.7607421875
0.7705078125
0.7802734375
0.7900390625
0.7998046875
0.8095703125
0.8193359375
0.8291015625
0.8388671875
0.8486328125
0.8583984375
0.8681640625
0.8779296875
0.8876953125
0.8974609375
0.9072265625
0.9169921875
0.9267578125
0.9365234375
0.9462890625
